0	4.831    4.465        	8.48129      7.23894      	26     10     	  -2.2409   2.2412  -0.2315
1	3.083    4.443        	59.5026      49.3268      	17     10     	   1.4811   2.2559  -2.2459
2	1.835    4.534        	24.3042      32.6975      	10     14     	  -2.2408  -0.4028   2.2443
3	3.787    3.811        	59.726       49.8011      	21     10     	  -2.2421  -1.4513  -2.2477
4	6.229    10.205       	18.5239      18.5178      	34     23     	  -2.2429   2.2455  -1.0152
5	4.406    7.798        	58.6844      58.8675      	24     16     	   1.9799  -2.2418   2.2580
6	1.646    3.482        	25.0128      28.8025      	9      8      	  -2.2477   0.3250  -2.2477
7	4.346    4.408        	61.3148      55.3489      	24     9      	   2.2553  -2.2569   2.2301
8	1.327    3.887        	37.5764      37.5764      	7      8      	   0.9814  -2.2558  -2.2500
9	4.703    5.174        	62.1738      69.3799      	26     10     	  -2.2559   2.2571  -2.2163
10	1.706    4.387        	25.1573      28.9486      	9      14     	   2.2472  -0.3623  -2.2437
11	1.838    6.487        	24.0198      22.0489      	10     14     	  -2.2510  -0.3083   2.2451
12	3.968    4.022        	58.0873      45.2883      	22     8      	   2.2545   2.2576  -1.7475
13	7.064    4.54         	10.994       9.87099      	38     12     	  -2.2444   2.2457   0.5933
14	1.657    3.524        	25.8153      29.6668      	9      7      	   2.2575  -0.4784  -2.2420
15	2.978    4.099        	24.7429      36.0069      	16     11     	   0.7289   2.2406   2.2567
17	1.673    3.869        	24.6769      28.3922      	9      12     	   2.2533   0.1831  -2.2443
18	1.83     5.313        	24.6132      22.6777      	10     11     	   0.4455  -2.2595   2.2511
19	6.389    4.284        	18.1518      20.2598      	35     9      	  -2.2598   2.2547  -1.0015
20	7.28     4.6          	18.2832      22.6023      	40     9      	  -2.2477  -2.2512   1.0462
21	1.652    6.427        	25.7284      133.272      	9      15     	  -0.4680   2.2545  -2.2486
22	1.836    3.761        	25.2847      33.8543      	10     9      	  -2.2564   0.5550   2.2489
23	1.854    3.072        	23.6989      51.9848      	10     6      	   2.2533  -0.1308   2.2402
24	1.645    3.109        	27.6611      31.8676      	9      6      	   2.2592  -0.6842  -2.2481
25	1.835    6.362        	25.2578      23.3173      	10     16     	  -0.5562   2.2525   2.2570
26	7.434    5.289        	11.7468      10.8473      	41     11     	  -2.2519   2.2401   0.6531
27	1.835    3.315        	24.302       22.4632      	10     7      	  -2.2538  -0.3857   2.2548
28	2.885    3.574        	23.8955      47.5734      	16     7      	  -0.6424   2.2550   2.2502
29	1.69     3.059        	24.5139      28.2747      	9      6      	  -0.1028   2.2416  -2.2491
30	4.886    4.056        	8.09951      6.64996      	27     8      	  -2.2456  -2.2523   0.1018
31	1.846    2.515        	34.4545      39.5676      	10     5      	   1.0544   2.2410  -2.2459
32	2.991    5.8          	24.0086      34.8658      	16     18     	   2.2594   0.6477   2.2532
33	6.29     5.236        	17.5943      19.4391      	34     12     	  -2.2436   2.2599  -0.9715
36	4.236    5.045        	57.7026      46.4676      	23     10     	   1.8714  -2.2540   2.2571
37	1.846    3.668        	25.2331      33.814       	10     12     	  -2.2501  -0.5521   2.2479
38	8.274    5.572        	58.5571      66.0402      	45     11     	  -2.2424   2.2579  -1.7129
39	4.02     3.854        	60.0143      51.2269      	22     8      	   1.9374   2.2520  -2.2413
40	2.544    5.57         	32.7984      43.5102      	14     16     	   2.2519  -1.0838   2.2581
41	1.113    5.501        	38.5626      38.5629      	6      12     	   1.0194  -2.2482  -2.2505
42	5.83     6.519        	9.29582      7.82102      	32     18     	   2.2465  -2.2482   0.4147
43	1.844    4.262        	23.6384      31.8787      	10     9      	  -0.0549  -2.2524   2.2487
44	1.667    4.516        	29.1242      33.6864      	9      15     	  -2.2441   0.7950  -2.2542
45	7.472    5.951        	14.7447      15.0182      	41     12     	   2.2458   2.2591   0.8509
46	4.344    3.747        	56.2152      56.5519      	24     12     	  -2.2468  -1.4871   2.2569
47	4.754    3.069        	8.60394      8.12326      	26     6      	   2.2520  -2.2465  -0.2473
48	1.654    4.282        	24.5429      28.2893      	9      9      	  -2.2551   0.0219  -2.2546
49	4.848    3.562        	59.4812      54.3969      	26     7      	   1.6193  -2.2456  -2.2563
50	6.258    5.577        	49.8562      44.9253      	34     11     	   2.2555  -2.2442  -2.0507
51	3.085    6.129        	59.5933      48.8273      	17     16     	  -1.5546   2.2445  -2.2413
52	4.961    7.111        	8.13731      6.67891      	27     16     	   2.2546   2.2577   0.0766
53	3.863    5.351        	63.9214      51.2219      	21     12     	   2.2403  -2.1480  -2.2432
54	1.913    3.693        	29.8764      34.5047      	10     8      	  -2.2542   0.8397  -2.2465
55	5.294    3.515        	18.4635      20.7064      	29     7      	   2.2593  -2.2433  -1.0138
57	6.542    4.545        	24.2244      29.9764      	36     9      	  -2.2561  -2.2490   1.3648
58	4.685    6.84         	38.4293      54.6714      	26     21     	  -2.2533  -2.2524   2.1160
59	5.235    5.727        	8.51505      7.00398      	29     12     	  -2.2537  -2.2409   0.2759
60	7.513    6.037        	66.062       52.3939      	41     20     	   2.2568  -2.2543  -2.0345
61	7.307    4.488        	14.0929      83.7645      	40     9      	   2.2460  -2.2547   0.8114
62	13.769   7.503        	57.9999      38.9789      	76     15     	  -2.2489  -2.2500   2.1407
63	4.916    4.077        	8.0808       6.63963      	27     8      	  -2.2533   2.2406   0.0978
64	4.885    3.583        	9.27552      8.1296       	27     7      	  -2.2592  -2.2429  -0.3703
65	5.825    3.604        	22.0309      26.1585      	32     7      	  -2.2520  -2.2586  -1.1902
66	3.975    7.448        	63.3237      52.5553      	22     17     	  -2.2534   1.0693   2.2490
68	4.55     6.668        	58.9815      42.027       	25     16     	  -2.2468   2.2576  -1.6756
69	5.938    8.533        	64.27        41.1446      	33     18     	  -2.2565   2.0733   2.2429
70	7.533    6.81         	15.5631      16.2144      	41     15     	   2.2535  -2.2563   0.8991
71	2.714    4.664        	63.0908      53.8938      	15     9      	  -2.2404  -2.2150  -2.2557
72	6.009    4.569        	20.0616      23.1282      	33     11     	  -2.2433  -2.2471  -1.0897
74	3.843    3.542        	56.4611      56.5773      	21     7      	  -1.5151   2.2406   2.2454
75	1.833    5.433        	28.2988      49.6514      	10     15     	  -0.8276  -2.2470   2.2548
76	6.412    4.888        	15.3558      16.2025      	35     10     	  -2.2476  -2.2550  -0.8539
78	3.252    6.491        	57.5529      45.0748      	18     13     	   2.2479   2.2537  -1.8002
79	1.654    3.094        	25.928       29.8453      	9      6      	   2.2507   0.5003  -2.2467
80	1.67     2.811        	24.4794      28.2484      	9      6      	  -0.0030   2.2436  -2.2528
81	3.881    5.554        	59.6366      59.8581      	21     11     	  -2.2459   1.7763  -2.2588
82	5.297    5.346        	59.505       46.4577      	29     11     	  -1.8400   2.2596  -2.2403
83	6.825    5.108        	10.7215      9.50382      	37     12     	   2.2545  -2.2430   0.5680
84	2.948    7.195        	24.3976      49.403       	16     17     	  -0.7004  -2.2579   2.2441
85	1.671    2.833        	24.5951      28.3276      	9      7      	   0.1314  -2.2517  -2.2485
86	2.698    9.654        	59.6714      24.7135      	15     22     	   2.2452   2.2547   1.3915
87	4.203    7.783        	51.9581      52.0232      	23     16     	  -2.2546   2.2458   1.9277
88	1.824    4.697        	23.8606      22.0611      	10     9      	  -2.2568  -0.2262   2.2530
89	7.042    5.408        	16.6497      17.8373      	39     17     	   2.2574  -2.2520   0.9599
90	3.105    3.549        	59.4603      48.6741      	17     7      	   1.5565   2.2478  -2.2558
91	4.78     5.31         	58.0547      59.7499      	26     11     	   2.2413  -2.2518  -1.7496
92	3.26     5.004        	59.5303      75.6361      	18     10     	  -2.2487  -1.5066  -2.2477
93	3.458    3.982        	64.9033      45.95        	19     8      	  -2.1106  -2.2572  -2.2535
94	5.1      14.167       	9.77945      10337.1      	28     100    	  -2.2588   2.2452  -0.4373
95	2.945    2.537        	25.1026      36.5571      	16     5      	  -2.2448  -0.7630   2.2510
96	11.664   7.343        	48.7388      55.73        	64     17     	  -1.3417   2.2584   2.2425
97	7.277    5.727        	59.7465      55.4357      	39     12     	   1.3003  -2.2495  -2.2456
98	9.762    7.076        	52.6143      45.8345      	54     16     	  -2.2414  -2.2579   1.8660
99	2.545    4.575        	52.5263      49.405       	14     9      	   2.2503   2.2496   2.2220
