2.174370	2.013227	-2.038524	-0.000000	-0.000000	-0.000000	-0.000000	-0.000000	-0.000000	-0.000000	-0.000000	-0.000000	1.174407	1.401124	1.164388	0.929742	
2.174370	2.013223	-2.039106	-0.000007	-0.000313	-0.023192	0.002020	-0.000043	0.000005	0.080818	-0.001718	0.000195	1.159292	1.359249	1.192808	0.985367	
2.174369	2.013165	-2.040771	-0.000024	-0.002445	-0.043359	0.007664	0.000015	0.000019	0.144920	0.004029	0.000378	1.158150	1.320909	1.207641	1.037701	
2.174369	2.012923	-2.043368	0.000064	-0.007895	-0.060506	0.016124	0.000428	0.000045	0.193476	0.012514	0.000555	1.165041	1.287403	1.214551	1.085211	
2.174380	2.012301	-2.046749	0.000447	-0.017806	-0.074713	0.026664	0.001266	0.000081	0.228142	0.021002	0.000726	1.176065	1.258806	1.217287	1.127709	
2.174422	2.011054	-2.050770	0.001319	-0.032990	-0.086110	0.038633	0.002493	0.000131	0.250619	0.028070	0.000894	1.188780	1.234761	1.218217	1.165506	
2.174523	2.008904	-2.055293	0.002846	-0.053969	-0.094852	0.051461	0.004022	0.000193	0.262493	0.033117	0.001059	1.201732	1.214826	1.218762	1.199031	
2.174719	2.005554	-2.060191	0.005145	-0.081009	-0.101103	0.064653	0.005751	0.000269	0.265201	0.036037	0.001222	1.214113	1.198602	1.219726	1.228700	
2.175052	2.000700	-2.065342	0.008286	-0.114154	-0.105023	0.077784	0.007576	0.000355	0.260040	0.036999	0.001383	1.225533	1.185762	1.221515	1.254862	
2.175563	1.994038	-2.070634	0.012288	-0.153253	-0.106753	0.090490	0.009408	0.000451	0.248193	0.036310	0.001540	1.235858	1.176048	1.224290	1.277812	
2.176295	1.985278	-2.075961	0.017133	-0.197993	-0.106404	0.102464	0.011173	0.000556	0.230746	0.034327	0.001695	1.245112	1.169256	1.228067	1.297796	
2.177289	1.974150	-2.081220	0.022771	-0.247926	-0.104055	0.113450	0.012814	0.000667	0.208707	0.031405	0.001845	1.253405	1.165213	1.232780	1.315030	
2.178584	1.960406	-2.086312	0.029126	-0.302490	-0.099745	0.123243	0.014294	0.000784	0.183021	0.027869	0.001991	1.260891	1.163766	1.238321	1.329711	
2.180213	1.943832	-2.091140	0.036111	-0.361037	-0.093475	0.131683	0.015587	0.000907	0.154570	0.023999	0.002132	1.267738	1.164771	1.244567	1.342024	
2.182204	1.924245	-2.095605	0.043628	-0.422853	-0.085211	0.138653	0.016683	0.001035	0.124180	0.020026	0.002267	1.274110	1.168084	1.251390	1.352148	
2.184583	1.901502	-2.099605	0.051577	-0.487178	-0.074887	0.144073	0.017581	0.001169	0.092622	0.016131	0.002396	1.280161	1.173559	1.258670	1.360255	
2.187368	1.875495	-2.103035	0.059860	-0.553225	-0.062414	0.147905	0.018289	0.001309	0.060613	0.012446	0.002519	1.286023	1.181042	1.266297	1.366518	
2.190574	1.846160	-2.105786	0.068385	-0.620200	-0.047683	0.150141	0.018818	0.001457	0.028813	0.009064	0.002636	1.291810	1.190374	1.274168	1.371105	
2.194210	1.813470	-2.107741	0.077065	-0.687310	-0.030580	0.150808	0.019185	0.001614	-0.002173	0.006039	0.002747	1.297611	1.201383	1.282189	1.374180	
2.198282	1.777436	-2.108780	0.085825	-0.753787	-0.010988	0.149960	0.019409	0.001780	-0.031799	0.003395	0.002851	1.303495	1.213888	1.290274	1.375904	
2.202793	1.738110	-2.108774	0.094598	-0.818891	0.011197	0.147677	0.019509	0.001955	-0.059577	0.001129	0.002948	1.309506	1.227694	1.298339	1.376430	
2.207741	1.695578	-2.107592	0.103324	-0.881928	0.036064	0.144063	0.019502	0.002140	-0.085078	-0.000786	0.003040	1.315668	1.242593	1.306303	1.375908	
2.213124	1.649959	-2.105098	0.111956	-0.942260	0.063676	0.139239	0.019405	0.002335	-0.107934	-0.002392	0.003125	1.321977	1.258360	1.314081	1.374473	
2.218935	1.601404	-2.101155	0.120449	-0.999308	0.094059	0.133347	0.019232	0.002540	-0.127842	-0.003745	0.003204	1.328406	1.274751	1.321580	1.372251	
2.225167	1.550089	-2.095623	0.128769	-1.052569	0.127197	0.126539	0.018995	0.002752	-0.144558	-0.004916	0.003277	1.334901	1.291502	1.328701	1.369351	
2.231809	1.496214	-2.088367	0.136882	-1.101616	0.163027	0.118979	0.018701	0.002972	-0.157906	-0.005979	0.003345	1.341376	1.308324	1.335329	1.365864	
2.238851	1.440000	-2.079256	0.144757	-1.146106	0.201426	0.110839	0.018353	0.003197	-0.167771	-0.007015	0.003407	1.347720	1.324909	1.341338	1.361862	
2.246281	1.381682	-2.068164	0.152365	-1.185786	0.242208	0.102295	0.017950	0.003426	-0.174107	-0.008110	0.003463	1.353796	1.340930	1.346593	1.357399	
2.254083	1.321503	-2.054980	0.159671	-1.220492	0.285120	0.093521	0.017489	0.003656	-0.176930	-0.009344	0.003513	1.359448	1.356054	1.350953	1.352516	
2.262242	1.259715	-2.039605	0.166638	-1.250157	0.329840	0.084693	0.016960	0.003886	-0.176324	-0.010801	0.003558	1.364517	1.369952	1.354285	1.347250	
2.270741	1.196570	-2.021958	0.173223	-1.274807	0.375984	0.075977	0.016351	0.004114	-0.172431	-0.012555	0.003598	1.368852	1.382316	1.356475	1.341644	
2.279558	1.132315	-2.001979	0.179375	-1.294562	0.423114	0.067532	0.015645	0.004338	-0.165458	-0.014677	0.003631	1.372328	1.392886	1.357448	1.335761	
2.288670	1.067191	-1.979631	0.185034	-1.309631	0.470755	0.059508	0.014823	0.004556	-0.155664	-0.017229	0.003659	1.374862	1.401459	1.357176	1.329691	
2.298052	1.001425	-1.954900	0.190129	-1.320307	0.518417	0.052036	0.013863	0.004767	-0.143359	-0.020261	0.003681	1.376417	1.407909	1.355690	1.323558	
2.307672	0.935227	-1.927797	0.194580	-1.326958	0.565617	0.045233	0.012740	0.004969	-0.128897	-0.023815	0.003696	1.377011	1.412187	1.353079	1.317515	
2.317497	0.868789	-1.898356	0.198295	-1.330014	0.611906	0.039199	0.011428	0.005164	-0.112666	-0.027918	0.003706	1.376703	1.414319	1.349480	1.311732	
2.327488	0.802278	-1.866634	0.201173	-1.329958	0.656884	0.034010	0.009898	0.005349	-0.095077	-0.032585	0.003709	1.375581	1.414391	1.345064	1.306382	
2.337599	0.735837	-1.832704	0.203101	-1.327307	0.700217	0.029725	0.008124	0.005526	-0.076559	-0.037817	0.003706	1.373748	1.412534	1.340021	1.301624	
2.347780	0.669582	-1.796656	0.203955	-1.322601	0.741636	0.026379	0.006076	0.005695	-0.057543	-0.043600	0.003696	1.371302	1.408904	1.334537	1.297587	
2.357974	0.603602	-1.758589	0.203604	-1.316384	0.780939	0.023986	0.003730	0.005856	-0.038458	-0.049903	0.003681	1.368328	1.403666	1.328786	1.294359	
2.368118	0.537960	-1.718614	0.201904	-1.309195	0.817981	0.022539	0.001059	0.006010	-0.019718	-0.056682	0.003658	1.364887	1.396985	1.322918	1.291986	
2.378140	0.472691	-1.676845	0.198708	-1.301551	0.852663	0.022013	-0.001959	0.006159	-0.001715	-0.063878	0.003630	1.361019	1.389021	1.317059	1.290472	
2.387961	0.407805	-1.633404	0.193859	-1.293938	0.884921	0.022360	-0.005342	0.006303	0.015181	-0.071415	0.003595	1.356742	1.379923	1.311308	1.289781	
2.397495	0.343289	-1.588411	0.187200	-1.286804	0.914712	0.023516	-0.009106	0.006443	0.030636	-0.079205	0.003554	1.352057	1.369835	1.305747	1.289852	
2.406648	0.279110	-1.541991	0.178568	-1.280544	0.942011	0.025404	-0.013260	0.006579	0.044349	-0.087144	0.003508	1.346956	1.358893	1.300437	1.290597	
2.415317	0.215215	-1.494269	0.167804	-1.275499	0.966798	0.027928	-0.017811	0.006712	0.056058	-0.095120	0.003456	1.341423	1.347233	1.295429	1.291914	
2.423391	0.151536	-1.445371	0.154752	-1.271948	0.989059	0.030983	-0.022756	0.006842	0.065543	-0.103006	0.003400	1.335441	1.334988	1.290760	1.293686	
2.430752	0.087992	-1.395423	0.139265	-1.270103	1.008778	0.034454	-0.028088	0.006967	0.072624	-0.110666	0.003339	1.328994	1.322294	1.286458	1.295790	
2.437275	0.024495	-1.344553	0.121204	-1.270110	1.025942	0.038216	-0.033793	0.007086	0.077168	-0.117959	0.003275	1.322068	1.309287	1.282544	1.298094	
2.442828	-0.039050	-1.292890	0.100446	-1.272041	1.040536	0.042141	-0.039850	0.007199	0.079087	-0.124735	0.003207	1.314657	1.296109	1.279028	1.300459	
2.447273	-0.102740	-1.240561	0.076885	-1.275901	1.052544	0.046097	-0.046228	0.007301	0.078341	-0.130844	0.003136	1.306758	1.282900	1.275913	1.302744	
2.450469	-0.166670	-1.187697	0.050435	-1.281623	1.061952	0.049950	-0.052892	0.007391	0.074939	-0.136133	0.003063	1.298378	1.269808	1.273192	1.304801	
2.452269	-0.230930	-1.134427	0.021037	-1.289076	1.068750	0.053570	-0.059796	0.007464	0.068939	-0.140451	0.002988	1.289533	1.256983	1.270851	1.306481	
2.452524	-0.295602	-1.080884	-0.011345	-1.298063	1.072930	0.056827	-0.066890	0.007518	0.060453	-0.143654	0.002913	1.280252	1.244580	1.268870	1.307639	
2.451086	-0.360757	-1.027197	-0.046712	-1.308331	1.074493	0.059603	-0.074114	0.007549	0.049641	-0.145605	0.002837	1.270586	1.232765	1.267229	1.308140	
2.447805	-0.426451	-0.973497	-0.085037	-1.319574	1.073450	0.061786	-0.081403	0.007551	0.036718	-0.146181	0.002761	1.260612	1.221719	1.265915	1.307871	
2.442535	-0.492724	-0.919913	-0.126258	-1.331443	1.069837	0.063277	-0.088686	0.007522	0.021947	-0.145271	0.002686	1.250453	1.211647	1.264942	1.306762	
2.435134	-0.559598	-0.866573	-0.170280	-1.343553	1.063720	0.063990	-0.095887	0.007457	0.005640	-0.142787	0.002612	1.240288	1.202788	1.264359	1.304806	
2.425465	-0.627075	-0.813599	-0.216977	-1.355496	1.055218	0.063859	-0.102926	0.007353	-0.011851	-0.138661	0.002539	1.230362	1.195413	1.264264	1.302077	
2.413396	-0.695137	-0.761105	-0.266194	-1.366850	1.044526	0.062832	-0.109718	0.007207	-0.030138	-0.132848	0.002469	1.220975	1.189811	1.264798	1.298729	
2.398808	-0.763742	-0.709193	-0.317753	-1.377190	1.031927	0.060880	-0.116180	0.007017	-0.048812	-0.125334	0.002401	1.212449	1.186250	1.266113	1.294970	
2.381587	-0.832831	-0.657949	-0.371450	-1.386098	1.017801	0.057994	-0.122227	0.006782	-0.067452	-0.116134	0.002336	1.205072	1.184915	1.268319	1.291014	
2.361632	-0.902321	-0.607439	-0.427067	-1.393168	1.002604	0.054186	-0.127775	0.006503	-0.085643	-0.105290	0.002274	1.199039	1.185864	1.271437	1.287024	
2.338853	-0.972110	-0.557704	-0.484358	-1.398012	0.986831	0.049488	-0.132743	0.006179	-0.102987	-0.092877	0.002214	1.194429	1.188996	1.275369	1.283079	
2.313173	-1.042079	-0.508759	-0.543052	-1.400264	0.970969	0.043952	-0.137056	0.005812	-0.119117	-0.079000	0.002159	1.191209	1.194081	1.279916	1.279180	
2.284529	-1.112088	-0.460599	-0.602845	-1.399586	0.955451	0.037646	-0.140642	0.005407	-0.133708	-0.063791	0.002106	1.189279	1.200802	1.284816	1.275282	
2.252875	-1.181984	-0.413197	-0.663401	-1.395670	0.940637	0.030654	-0.143439	0.004965	-0.146477	-0.047412	0.002057	1.188523	1.208820	1.289798	1.271338	
2.218181	-1.251597	-0.366512	-0.724347	-1.388250	0.926799	0.023073	-0.145392	0.004492	-0.157196	-0.030048	0.002012	1.188838	1.217808	1.294615	1.267324	
2.180439	-1.320747	-0.320489	-0.785284	-1.377103	0.914141	0.015011	-0.146457	0.003992	-0.165685	-0.011912	0.001971	1.190155	1.227475	1.299063	1.263258	
2.139659	-1.389242	-0.275067	-0.845786	-1.362060	0.902804	0.006582	-0.146601	0.003470	-0.171820	0.006760	0.001934	1.192435	1.237564	1.302976	1.259193	
2.095873	-1.456886	-0.230175	-0.905414	-1.343008	0.892886	-0.002095	-0.145803	0.002931	-0.175528	0.025712	0.001901	1.195660	1.247851	1.306231	1.255210	
2.049138	-1.523475	-0.185743	-0.963719	-1.319890	0.884454	-0.010896	-0.144056	0.002380	-0.176790	0.044669	0.001872	1.199820	1.258133	1.308730	1.251408	
1.999530	-1.588807	-0.141693	-1.020251	-1.292713	0.877549	-0.019701	-0.141366	0.001823	-0.175637	0.063342	0.001848	1.204906	1.268225	1.310407	1.247895	
1.947148	-1.652680	-0.097951	-1.074568	-1.261540	0.872193	-0.028390	-0.137755	0.001264	-0.172151	0.081430	0.001828	1.210900	1.277962	1.311221	1.244780	
1.892115	-1.714896	-0.054437	-1.126242	-1.226494	0.868393	-0.036849	-0.133259	0.000707	-0.166462	0.098631	0.001813	1.217769	1.287195	1.311158	1.242167	
1.834573	-1.775267	-0.011075	-1.174870	-1.187751	0.866144	-0.044972	-0.127932	0.000156	-0.158742	0.114642	0.001802	1.225468	1.295802	1.310235	1.240153	
1.774684	-1.833613	0.032214	-1.220080	-1.145540	0.865432	-0.052663	-0.121839	-0.000384	-0.149201	0.129175	0.001796	1.233931	1.303685	1.308503	1.238820	
1.712627	-1.889767	0.075505	-1.261539	-1.100130	0.866234	-0.059836	-0.115061	-0.000911	-0.138080	0.141961	0.001794	1.243078	1.310782	1.306039	1.238234	
1.648596	-1.943577	0.118873	-1.298960	-1.051832	0.868526	-0.066418	-0.107693	-0.001422	-0.125642	0.152755	0.001796	1.252814	1.317056	1.302946	1.238439	
1.582801	-1.994907	0.162393	-1.332109	-1.000988	0.872280	-0.072352	-0.099839	-0.001913	-0.112163	0.161350	0.001803	1.263028	1.322503	1.299346	1.239453	
1.515458	-2.043639	0.206136	-1.360811	-0.947963	0.877469	-0.077590	-0.091614	-0.002383	-0.097924	0.167577	0.001813	1.273590	1.327134	1.295367	1.241265	
1.446795	-2.089672	0.250174	-1.384950	-0.893139	0.884061	-0.082104	-0.083139	-0.002829	-0.083202	0.171311	0.001827	1.284352	1.330973	1.291135	1.243830	
1.377039	-2.132928	0.294575	-1.404475	-0.836907	0.892018	-0.085874	-0.074542	-0.003248	-0.068261	0.172474	0.001844	1.295140	1.334040	1.286762	1.247067	
1.306423	-2.173345	0.339408	-1.419402	-0.779665	0.901291	-0.088897	-0.065952	-0.003638	-0.053350	0.171037	0.001863	1.305744	1.336336	1.282332	1.250848	
1.235174	-2.210884	0.384735	-1.429811	-0.721807	0.911801	-0.091180	-0.057499	-0.003996	-0.038693	0.167023	0.001885	1.315909	1.337831	1.277889	1.254993	
1.163514	-2.245521	0.430616	-1.435846	-0.663721	0.923433	-0.092741	-0.049309	-0.004320	-0.024490	0.160505	0.001909	1.325331	1.338449	1.273430	1.259268	
1.091658	-2.277257	0.477102	-1.437715	-0.605787	0.936010	-0.093608	-0.041506	-0.004608	-0.010915	0.151606	0.001935	1.333660	1.338072	1.268905	1.263390	
1.019808	-2.306108	0.524235	-1.435687	-0.548372	0.949282	-0.093816	-0.034204	-0.004858	0.001890	0.140504	0.001962	1.340528	1.336561	1.264239	1.267056	
0.948149	-2.332109	0.572040	-1.430084	-0.491829	0.962916	-0.093407	-0.027507	-0.005067	0.013806	0.127424	0.001990	1.345597	1.333790	1.259369	1.269986	
0.876852	-2.355311	0.620526	-1.421284	-0.436488	0.976507	-0.092428	-0.021507	-0.005234	0.024745	0.112641	0.002019	1.348617	1.329707	1.254289	1.271977	
0.806067	-2.375783	0.669679	-1.409706	-0.382654	0.989607	-0.090930	-0.016282	-0.005358	0.034643	0.096468	0.002049	1.349477	1.324362	1.249081	1.272948	
0.735921	-2.393607	0.719464	-1.395808	-0.330598	1.001772	-0.088966	-0.011892	-0.005439	0.043458	0.079255	0.002080	1.348210	1.317916	1.243913	1.272938	
0.666517	-2.408877	0.769824	-1.380071	-0.280550	1.012606	-0.086591	-0.008381	-0.005477	0.051170	0.061373	0.002111	1.344966	1.310603	1.238998	1.272074	
0.597936	-2.421700	0.820684	-1.362989	-0.232700	1.021790	-0.083860	-0.005771	-0.005472	0.057775	0.043205	0.002143	1.339958	1.302681	1.234542	1.270520	
0.530232	-2.432188	0.871956	-1.345053	-0.187195	1.029095	-0.080829	-0.004067	-0.005427	0.063289	0.025132	0.002174	1.333411	1.294382	1.230703	1.268425	
0.463437	-2.440462	0.923542	-1.326742	-0.144141	1.034367	-0.077551	-0.003255	-0.005344	0.067740	0.007523	0.002207	1.325532	1.285891	1.227572	1.265902	
0.397557	-2.446645	0.975339	-1.308513	-0.103609	1.037516	-0.074079	-0.003304	-0.005226	0.071167	-0.009273	0.002239	1.316500	1.277344	1.225172	1.263021	
0.332577	-2.450867	1.027238	-1.290787	-0.065637	1.038486	-0.070462	-0.004164	-0.005076	0.073623	-0.024931	0.002271	1.306468	1.268829	1.223477	1.259819	
0.268463	-2.453253	1.079131	-1.273947	-0.030235	1.037249	-0.066746	-0.005771	-0.004898	0.075167	-0.039160	0.002303	1.295572	1.260408	1.222425	1.256311	
0.205162	-2.453934	1.130906	-1.258328	0.002612	1.033784	-0.062976	-0.008047	-0.004695	0.075870	-0.051701	0.002334	1.283937	1.252120	1.221932	1.252498	
0.142606	-2.453035	1.182452	-1.244213	0.032939	1.028079	-0.059192	-0.010901	-0.004473	0.075805	-0.062332	0.002365	1.271683	1.243989	1.221899	1.248378	
0.080712	-2.450682	1.233656	-1.231828	0.060803	1.020122	-0.055429	-0.014235	-0.004235	0.075052	-0.070867	0.002395	1.258926	1.236032	1.222220	1.243947	
0.019392	-2.446996	1.284406	-1.221340	0.086275	1.009901	-0.051719	-0.017939	-0.003985	0.073695	-0.077160	0.002423	1.245787	1.228258	1.222783	1.239203	
-0.041455	-2.442094	1.334587	-1.212858	0.109441	0.997405	-0.048090	-0.021899	-0.003729	0.071819	-0.081104	0.002450	1.232383	1.220671	1.223472	1.234146	
-0.101928	-2.436090	1.384087	-1.206426	0.130396	0.982622	-0.044566	-0.025994	-0.003468	0.069508	-0.082632	0.002476	1.218837	1.213269	1.224165	1.228778	
-0.162131	-2.429091	1.432790	-1.202029	0.149245	0.965542	-0.041167	-0.030105	-0.003208	0.066849	-0.081719	0.002499	1.205272	1.206048	1.224742	1.223104	
-0.222163	-2.421200	1.480581	-1.199591	0.166099	0.946158	-0.037906	-0.034109	-0.002951	0.063925	-0.078380	0.002521	1.191813	1.199002	1.225079	1.217135	
-0.282120	-2.412513	1.527346	-1.198981	0.181072	0.924466	-0.034796	-0.037887	-0.002700	0.060816	-0.072677	0.002539	1.178589	1.192122	1.225055	1.210884	
-0.342088	-2.403122	1.572968	-1.200014	0.194282	0.900468	-0.031843	-0.041323	-0.002457	0.057599	-0.064710	0.002555	1.165734	1.185404	1.224555	1.204374	
-0.402144	-2.393113	1.617332	-1.202457	0.205844	0.874172	-0.029052	-0.044307	-0.002223	0.054347	-0.054625	0.002567	1.153388	1.178850	1.223475	1.197640	
-0.462351	-2.382564	1.660325	-1.206033	0.215873	0.845601	-0.026421	-0.046738	-0.002001	0.051125	-0.042609	0.002576	1.141701	1.172475	1.221731	1.190731	
-0.522759	-2.371550	1.701832	-1.210429	0.224483	0.814792	-0.023949	-0.048526	-0.001790	0.047995	-0.028888	0.002582	1.130835	1.166310	1.219269	1.183718	
-0.583401	-2.360138	1.741745	-1.215304	0.231778	0.781810	-0.021628	-0.049592	-0.001592	0.045011	-0.013726	0.002584	1.120961	1.160413	1.216069	1.176701	
-0.644291	-2.348393	1.779957	-1.220296	0.237863	0.746751	-0.019451	-0.049871	-0.001406	0.042218	0.002581	0.002582	1.112265	1.154863	1.212158	1.169805	
-0.705425	-2.336371	1.816367	-1.225028	0.242830	0.709752	-0.017408	-0.049313	-0.001231	0.039656	0.019707	0.002576	1.104935	1.149766	1.207605	1.163182	
-0.766782	-2.324127	1.850884	-1.229121	0.246769	0.671003	-0.015485	-0.047888	-0.001067	0.037356	0.037310	0.002566	1.099153	1.145243	1.202521	1.157002	
-0.828319	-2.311710	1.883425	-1.232197	0.249760	0.630747	-0.013670	-0.045579	-0.000913	0.035340	0.055033	0.002552	1.095076	1.141418	1.197048	1.151438	
-0.889978	-2.299166	1.913922	-1.233890	0.251872	0.589280	-0.011947	-0.042390	-0.000769	0.033622	0.072516	0.002534	1.092821	1.138401	1.191338	1.146650	
-0.951679	-2.286537	1.942325	-1.233849	0.253169	0.546946	-0.010303	-0.038342	-0.000632	0.032208	0.089407	0.002512	1.092448	1.136270	1.185542	1.142767	
-1.013328	-2.273862	1.968599	-1.231743	0.253702	0.504118	-0.008721	-0.033473	-0.000501	0.031094	0.105367	0.002486	1.093951	1.135061	1.179788	1.139875	
-1.074814	-2.261179	1.992728	-1.227266	0.253516	0.461185	-0.007187	-0.027836	-0.000377	0.030269	0.120084	0.002457	1.097254	1.134765	1.174182	1.138012	
-1.136010	-2.248522	2.014718	-1.220140	0.252645	0.418527	-0.005688	-0.021502	-0.000256	0.029712	0.133273	0.002424	1.102224	1.135328	1.168797	1.137171	
-1.196779	-2.235925	2.034591	-1.210121	0.251115	0.376504	-0.004211	-0.014553	-0.000140	0.029396	0.144687	0.002388	1.108679	1.136664	1.163687	1.137309	
-1.256971	-2.223421	2.052387	-1.197000	0.248945	0.335436	-0.002744	-0.007083	-0.000026	0.029286	0.154119	0.002348	1.116406	1.138667	1.158888	1.138356	
-1.316425	-2.211041	2.068160	-1.180606	0.246147	0.295599	-0.001279	0.000805	0.000084	0.029339	0.161402	0.002306	1.125180	1.141221	1.154429	1.140231	
-1.374975	-2.198817	2.081978	-1.160814	0.242728	0.257221	0.000192	0.009001	0.000193	0.029509	0.166417	0.002261	1.134774	1.144217	1.150344	1.142850	
-1.432448	-2.186778	2.093919	-1.137544	0.238692	0.220483	0.001673	0.017389	0.000299	0.029743	0.169086	0.002213	1.144970	1.147554	1.146669	1.146134	
-1.488670	-2.174958	2.104067	-1.110765	0.234039	0.185529	0.003166	0.025851	0.000402	0.029986	0.169378	0.002162	1.155566	1.151153	1.143457	1.150015	
-1.543466	-2.163385	2.112515	-1.080497	0.228768	0.152468	0.004670	0.034268	0.000503	0.030182	0.167302	0.002110	1.166384	1.154958	1.140779	1.154441	
-1.596662	-2.152091	2.119361	-1.046808	0.222881	0.121390	0.006181	0.042523	0.000600	0.030270	0.162912	0.002055	1.177272	1.158942	1.138732	1.159383	
-1.648091	-2.141107	2.124704	-1.009817	0.216380	0.092373	0.007692	0.050504	0.000694	0.030195	0.156304	0.001998	1.188076	1.163091	1.137416	1.164805	
-1.697591	-2.130463	2.128649	-0.969693	0.209269	0.065491	0.009194	0.058102	0.000784	0.029901	0.147618	0.001939	1.198561	1.167313	1.136852	1.170576	
-1.745011	-2.120190	2.131305	-0.926648	0.201558	0.040778	0.010675	0.065218	0.000869	0.029341	0.137038	0.001878	1.208492	1.171525	1.137041	1.176539	
-1.790210	-2.110318	2.132780	-0.880940	0.193264	0.018230	0.012121	0.071764	0.000949	0.028482	0.124788	0.001816	1.217808	1.175790	1.138094	1.182674	
-1.833064	-2.100874	2.133182	-0.832865	0.184408	-0.002143	0.013515	0.077662	0.001024	0.027302	0.111121	0.001753	1.226445	1.180161	1.140085	1.188947	
-1.873461	-2.091886	2.132620	-0.782750	0.175022	-0.020318	0.014843	0.082848	0.001093	0.025795	0.096315	0.001690	1.234311	1.184643	1.143024	1.195287	
-1.911309	-2.083380	2.131205	-0.730945	0.165141	-0.036280	0.016088	0.087273	0.001157	0.023970	0.080664	0.001626	1.241320	1.189246	1.146942	1.201640	
-1.946532	-2.075380	2.129047	-0.677824	0.154810	-0.050015	0.017235	0.090901	0.001216	0.021845	0.064482	0.001562	1.247390	1.193980	1.151883	1.207958	
-1.979074	-2.067906	2.126259	-0.623769	0.144080	-0.061512	0.018269	0.093716	0.001270	0.019449	0.048108	0.001496	1.252448	1.198862	1.157896	1.214195	
-2.008899	-2.060978	2.122952	-0.569169	0.133009	-0.070762	0.019177	0.095716	0.001319	0.016820	0.031897	0.001430	1.256426	1.203915	1.165031	1.220309	
-2.035987	-2.054610	2.119239	-0.514407	0.121660	-0.077755	0.019950	0.096919	0.001363	0.014009	0.016227	0.001362	1.259268	1.209168	1.173343	1.226261	
-2.060341	-2.048815	2.115233	-0.459853	0.110100	-0.082479	0.020580	0.097362	0.001403	0.011079	0.001495	0.001292	1.260918	1.214663	1.182891	1.232008	
-2.081980	-2.043603	2.111047	-0.405854	0.098398	-0.084927	0.021062	0.097102	0.001440	0.008105	-0.011882	0.001222	1.261324	1.220451	1.193744	1.237508	
-2.100939	-2.038977	2.106797	-0.352723	0.086626	-0.085088	0.021397	0.096218	0.001474	0.005181	-0.023469	0.001151	1.260433	1.226599	1.205982	1.242713	
-2.117269	-2.034941	2.102596	-0.300729	0.074853	-0.082953	0.021591	0.094811	0.001506	0.002418	-0.032805	0.001080	1.258193	1.233190	1.219703	1.247577	
-2.131033	-2.031491	2.098559	-0.250085	0.063143	-0.078510	0.021653	0.093005	0.001535	-0.000049	-0.039404	0.001010	1.254565	1.240327	1.235025	1.252066	
-2.142301	-2.028625	2.094803	-0.200934	0.051555	-0.071740	0.021604	0.090951	0.001564	-0.002062	-0.042754	0.000941	1.249537	1.248138	1.252101	1.256185	
-2.151150	-2.026333	2.091444	-0.153338	0.040134	-0.062606	0.021470	0.088824	0.001593	-0.003441	-0.042314	0.000875	1.243175	1.256822	1.271155	1.260017	
-2.157658	-2.024608	2.088604	-0.107261	0.028910	-0.051023	0.021287	0.086827	0.001622	-0.003989	-0.037517	0.000813	1.235765	1.266789	1.292626	1.263866	
-2.161897	-2.023439	2.086410	-0.062544	0.017887	-0.036774	0.021103	0.085195	0.001652	-0.003488	-0.027768	0.000758	1.228694	1.279525	1.318020	1.269126	
-2.163927	-2.022817	2.085014	-0.018860	0.007033	-0.019088	0.020976	0.084189	0.001683	-0.001705	-0.012454	0.000710	0.000000	0.000000	0.000000	0.000000	