-11.5663 -26.9103 155.496 -6.07128 29.9699 25.2497
-13.9563 -30.95 -94.0508 18.7245 26.4101 175.8
-8.41857 -35.4388 -159.236 -13.3033 35.674 107.979
-0.441288 -28.4856 46.9346 -3.23274 25.9708 -168.296
-0.232562 -31.1434 155.913 6.81698 26.6157 -139.566
13.4563 -33.7333 81.2901 6.15639 28.6693 -85.9053
-10.6044 -35.555 145.699 2.26323 33.692 -86.9077
-3.02726 -25.796 105.853 -8.55307 38.2898 29.513
-15.9064 -31.3415 133.725 2.62428 26.4281 42.6471
-15.6361 -34.7777 -34.9393 13.9068 25.7994 -87.434
-13.6753 -30.0524 85.9701 -9.83152 35.5603 38.4981
-7.95564 -30.4755 -177.098 -9.00695 29.6129 -175.942
7.77594 -34.1575 -152.664 -5.71432 28.4644 27.702
-4.44428 -27.7716 145.831 -5.62504 36.6424 -119.969
0.399952 -33.6494 -168.266 2.92859 33.1916 -11.0181
5.35618 -31.0106 -5.50944 5.15019 28.189 68.1172
-4.61772 -26.9476 120.293 -1.54307 36.2384 -95.8177
-8.92414 -29.2597 -133.51 -19.9179 27.6292 -127.285
-5.06636 -31.5985 112.837 10.7143 33.5839 153.423
-14.673 -36.9361 155.604 -11.7573 27.9091 152.734
14.205 -35.2165 -81.8071 3.56789 30.2458 136.877
-7.69468 -32.5425 61.8509 -17.8318 37.2363 43.4745
11.2493 -25.366 99.7723 -15.0668 28.3359 -28.4089
-5.09799 -33.123 -20.956 -8.97868 27.9226 -90.876
-1.54905 -39.5605 89.3225 13.0042 29.0198 84.9599
14.7529 -29.2244 -97.345 -17.3033 39.8739 -51.1892
-0.917077 -28.7524 110.088 -8.99765 38.9626 162.922
-2.76038 -24.7046 -166.228 2.72427 25.8619 -37.8607
-10.376 -31.2631 138.169 -3.47693 32.8032 42.106
3.5823 -34.3409 158.756 8.61785 27.901 145.581
12.2873 -27.3813 -112.51 19.2693 25.024 21.7478
15.3714 -26.9955 148.211 -9.68348 32.1627 -27.1453
1.51631 -26.0492 41.9043 2.98189 35.6784 138.302
-5.13496 -31.2166 -167.03 -15.38 39.9537 -161.567
16.8969 -25.1804 -108.852 5.35107 28.6257 -46.4285
8.7329 -28.1322 126.934 16.7749 27.7996 -164.54
-1.24795 -24.3071 -24.7847 12.361 39.5791 4.96479
0.613641 -27.1337 -104.727 -16.8569 26.3242 117.048
-4.08415 -24.7779 59.9804 -16.5763 31.8225 62.9057
10.331 -25.8301 -120.928 -19.3016 38.028 163.726
-9.14693 -31.3466 -17.0671 19.164 25.79 13.2797
13.2745 -32.5473 172.528 -3.06743 26.6875 -150.896
9.34927 -27.9476 -168.418 17.7673 31.2463 19.9434
9.18181 -27.1393 -129.728 1.48295 39.81 -122.663
1.41309 -27.5103 27.8924 -1.57102 36.0445 -5.63374
-7.08752 -26.0077 -74.7092 -5.65034 38.9793 -41.9501
-16.5521 -26.1971 50.0207 -3.30001 27.4048 46.5083
14.6688 -32.1713 -61.8638 -11.4999 27.1062 170.645
-13.8019 -26.3595 -92.9218 1.21877 32.7469 -171.185
5.51881 -38.5248 162.354 -17.295 26.0718 -118.482
-7.08953 -31.2219 -51.2595 8.60847 28.2332 165.248
-10.8374 -33.5395 37.5163 -13.0047 36.6111 155.484
3.90331 -32.7779 0.26593 12.9065 30.067 86.2759
1.57847 -27.3524 113.886 -11.899 28.972 163.32
