-20.000000	-20.000000	0.523599	2.413065	0.186782	
-19.654890	-19.793523	0.554729	2.430084	0.124981	
-19.312857	-19.576627	0.575559	2.445931	0.077940	
-18.972331	-19.352523	0.588549	2.461377	0.042332	
-18.631930	-19.123581	0.595605	2.477147	0.014971	
-18.290452	-18.891537	0.598100	2.493963	-0.007000	
-17.946811	-18.657691	0.596933	2.512516	-0.025894	
-17.599969	-18.423054	0.592617	2.533467	-0.043279	
-17.248877	-18.188482	0.585404	2.557499	-0.059738	
-16.892436	-17.954735	0.575448	2.578221	-0.075121	
-16.530482	-17.723149	0.562928	2.603003	-0.094771	
-16.161777	-17.494534	0.547133	2.629911	-0.114232	
-15.785297	-17.270080	0.528094	2.650410	-0.132480	
-15.401314	-17.051726	0.506014	2.673886	-0.151468	
-15.008828	-16.840666	0.480769	2.694723	-0.167884	
-14.607766	-16.638562	0.452789	2.710825	-0.180634	
-14.198576	-16.447054	0.422683	2.720375	-0.189218	
-13.782219	-16.267618	0.391147	2.722379	-0.193847	
-13.360037	-16.101439	0.358839	2.716914	-0.195289	
-12.933548	-15.949342	0.326291	2.704897	-0.194380	
-12.504252	-15.811784	0.293894	2.690112	-0.178957	
-12.073250	-15.688323	0.264068	2.666859	-0.174887	
-11.642551	-15.578579	0.234920	2.642307	-0.162286	
-11.212929	-15.481877	0.207872	2.618087	-0.141587	
-10.784952	-15.396870	0.184274	2.595540	-0.114159	
-10.358957	-15.321656	0.165248	2.575779	-0.081182	
-9.935044	-15.253905	0.151718	2.559693	-0.042609	
-9.513104	-15.190926	0.144616	2.543210	-0.011738	
-9.093600	-15.130251	0.142660	2.528515	0.004529	
-8.676485	-15.070178	0.143415	2.517943	0.011522	
-8.261194	-15.009800	0.145335	2.512149	0.005884	
-7.846946	-14.948961	0.146316	2.506827	0.006856	
-7.433641	-14.887811	0.147458	2.504509	0.004831	
-7.020778	-14.826316	0.148263	2.504563	0.001126	
-6.607936	-14.764615	0.148451	2.508752	-0.003431	
-6.194392	-14.702890	0.147879	2.514425	-0.005784	
-5.779865	-14.641343	0.146915	2.521062	-0.007621	
-5.364175	-14.580099	0.145645	2.528391	-0.009011	
-4.947193	-14.519254	0.144143	2.536246	-0.010393	
-4.528816	-14.458896	0.142411	2.544499	-0.012424	
-4.108964	-14.399141	0.140340	2.553028	-0.015953	
-3.687564	-14.340181	0.137681	2.561337	-0.021918	
-3.264608	-14.282365	0.134029	2.569515	-0.031390	
-2.840049	-14.226249	0.128797	2.577128	-0.045895	
-2.413878	-14.172710	0.121148	2.583508	-0.067635	
-1.986165	-14.123084	0.109875	2.595760	-0.083740	
-1.555831	-14.078646	0.095919	2.607984	-0.088576	
-1.122873	-14.040213	0.081156	2.616854	-0.085007	
-0.687930	-14.007937	0.066988	2.623183	-0.076772	
-0.251538	-13.981463	0.054193	2.627722	-0.066201	
0.185894	-13.960154	0.043159	2.632181	-0.055628	
0.624264	-13.943258	0.033888	2.636173	-0.044809	
1.063425	-13.930012	0.026420	2.640152	-0.033489	
1.503327	-13.919615	0.020838	2.644650	-0.021388	
1.944022	-13.911216	0.017274	2.650372	-0.008351	
2.385690	-13.903894	0.015882	2.658101	0.005629	
2.828648	-13.896650	0.016820	2.668666	0.020620	
3.273349	-13.888405	0.020257	2.683054	0.036858	
3.720402	-13.877974	0.026400	2.702496	0.054758	
4.170601	-13.864030	0.035526	2.728303	0.075557	
4.624917	-13.845018	0.048119	2.762321	0.100253	
5.084565	-13.819033	0.064828	2.802113	0.126890	
5.550248	-13.783853	0.085976	2.854514	0.161608	
6.023636	-13.736622	0.112911	2.912824	0.193367	
6.505050	-13.674160	0.145139	2.983462	0.239341	
6.995501	-13.592451	0.185029	3.062518	0.290377	
7.494741	-13.486445	0.233425	3.145768	0.342079	
8.001084	-13.350699	0.290438	3.226231	0.387560	
8.510940	-13.180190	0.355031	3.296751	0.423383	
9.018968	-12.971176	0.425595	3.343080	0.446405	
9.517422	-12.722480	0.499996	3.363031	0.450840	
9.998759	-12.435542	0.575136	3.358607	0.440160	
10.456886	-12.114109	0.648496	3.327447	0.400817	
10.887365	-11.764644	0.715299	3.276348	0.344181	
11.289088	-11.394892	0.772662	3.220189	0.292624	
11.664107	-11.011032	0.821433	3.169545	0.236533	
12.016226	-10.617291	0.860855	3.128099	0.180897	
12.350025	-10.216837	0.891005	3.096070	0.129249	
12.670059	-9.812070	0.912546	3.063428	0.096682	
12.979125	-9.405676	0.928660	3.049119	0.060078	
13.281439	-8.997194	0.938673	3.040679	0.032464	
13.579767	-8.587529	0.944084	3.037073	0.012984	
13.876190	-8.177223	0.946248	3.037881	0.000485	
14.172230	-7.766476	0.946328	3.044766	0.000698	
14.468901	-7.354769	0.946445	3.055056	0.000572	
14.766531	-6.941639	0.946540	3.071225	0.006654	
15.065486	-6.526142	0.947649	3.093946	0.017524	
15.365809	-6.106966	0.950570	3.123736	0.029273	
15.667371	-5.682574	0.955448	3.159235	0.049643	
15.969529	-5.251364	0.963722	3.200547	0.072930	
16.271160	-4.811413	0.975877	3.245022	0.096461	
16.570654	-4.361078	0.991954	3.290344	0.129459	
16.865679	-3.898821	1.013531	3.326351	0.149057	
17.153004	-3.424713	1.038373	3.351503	0.156656	
17.430239	-2.939802	1.064483	3.362714	0.145456	
17.696067	-2.446419	1.088725	3.359351	0.108234	
17.951153	-1.948020	1.106764	3.343064	0.035036	
18.199066	-1.449036	1.112603	3.314399	-0.087822	
18.447025	-0.955420	1.097967	3.260129	-0.266333	
18.705126	-0.477330	1.053578	3.192423	-0.520990	
18.987951	-0.026852	0.966746	0.000000	0.000000	